,0
0,18774.39104477612
1,16638.640298507464
2,16629.29402985075
3,16633.174626865675
4,16637.868656716422
5,16639.602238805976
6,16642.188805970152
7,16638.829104477616
8,16647.879104477615
9,16648.605223880597
10,16646.686567164183
11,16662.726119402985
12,16661.010447761197
13,16670.22313432836
14,16671.358208955226
15,16678.379104477615
16,16669.852238805972
17,16675.432089552243
18,16671.750000000004
19,16675.886567164183
20,16667.134328358214
21,16670.171641791047
22,16682.731343283584
23,16669.926865671645
24,16678.9328358209
25,16673.617164179108
26,16685.398507462687
27,16683.89776119403
28,16678.832089552237
29,16685.164925373138
30,16680.149253731346
31,16676.261194029852
32,16679.35074626866
33,16670.65746268657
34,16652.97611940299
35,16660.367164179104
36,16668.303731343287
37,16668.21417910448
38,16668.31119402985
39,16657.42313432836
40,16653.476119402985
41,16653.33731343284
42,16656.752985074632
43,16660.751492537318
44,16654.35447761194
45,16635.814925373135
46,16648.26865671642
47,16644.583582089555
48,16643.508955223882
49,16649.205970149254
50,16641.74776119403
51,16646.729104477614
52,16657.894776119407
53,16655.974626865675
54,16650.310447761196
55,16646.426119402986
56,16642.726865671644
57,16647.244776119405
58,16651.249253731345
59,16642.87313432836
60,16639.422388059702
61,16637.42611940299
62,16628.010447761197
63,16622.302238805973
64,16630.17835820896
65,16630.03432835821
66,16645.325373134332
67,16649.40298507463
68,16646.35970149254
69,16649.33731343284
70,16647.937313432838
71,16647.41417910448
72,16650.869402985074
73,16655.3
74,16659.526865671643
75,16661.11567164179
76,16665.72089552239
77,16662.915671641793
78,16666.679104477615
79,16662.367164179108
80,16653.29328358209
81,16654.210447761194
82,16636.031343283583
83,16631.37910447761
84,16618.90895522388
85,16632.25746268657
86,16620.36417910448
87,16621.87313432836
88,16618.435074626865
89,16621.85447761194
90,16617.56119402985
91,16622.652238805975
92,16631.882835820896
93,16634.45970149254
94,16637.238059701496
95,16639.5828358209
96,16646.254477611943
97,16648.35447761194
98,16644.59179104478
99,16648.711194029853
100,16642.01567164179
101,16637.576865671643
102,16649.552238805973
103,16650.57014925373
104,16650.983582089553
105,16655.2723880597
106,16650.87910447761
107,16645.82835820896
108,16642.38208955224
109,16644.790298507465
110,16642.087313432836
111,16646.9
112,16648.38432835821
113,16647.511194029856
114,16644.075373134332
115,16653.442537313436
116,16652.187313432838
117,16656.305970149257
118,16664.394029850748
119,16656.813432835825
120,16659.25298507463
121,16652.890298507464
122,16653.931343283588
123,16649.560447761196
124,16663.849253731347
125,16656.667164179104
126,16655.385820895524
127,16654.729104477614
128,16656.636567164183
129,16651.979850746273
130,16657.235074626868
131,16662.46641791045
132,16665.009701492538
133,16664.841044776123
134,16664.49477611941
135,16664.285820895526
136,16669.906716417914
137,16673.928358208952
138,16678.362686567165
139,16679.02313432836
140,16679.15074626866
141,16683.170149253732
142,16676.168656716418
143,16681.51791044776
144,16679.114179104483
145,16668.419402985077
146,16671.291791044776
147,16685.42985074627
148,16688.463432835826
149,16680.924626865675
150,16686.402985074626
151,16677.733582089553
152,16683.540298507465
153,16677.76865671642
154,16677.626119402987
155,16673.15
156,16676.964925373137
157,16674.412686567168
158,16675.667910447763
159,16666.246268656716
160,16674.75447761194
161,16664.99328358209
162,16680.791044776124
163,16673.454477611944
164,16666.078358208957
165,16663.565671641794
166,16657.93507462687
167,16660.884328358214
168,16658.817164179105
169,16649.832089552237
170,16649.24925373135
171,16653.242537313436
172,16646.138805970153
173,16646.72164179105
174,16646.45
175,16661.030597014924
176,16649.723880597016
177,16655.026119402988
178,16653.110447761195
179,16651.244776119405
180,16652.54850746269
181,16654.600746268658
182,16663.930597014925
183,16661.874626865672
184,16672.330597014927
185,16667.212686567167
186,16663.351492537317
187,16669.31492537314
188,16666.10597014926
189,16661.218656716417
190,16665.09402985075
191,16661.589552238805
192,16656.18208955224
193,16667.76567164179
194,16680.921641791047
195,16662.332089552245
196,16671.94776119403
197,16669.663432835823
198,16668.12313432836
199,16667.56567164179
200,16663.277611940302
201,16652.083582089555
202,16661.462686567163
203,16656.673880597016
204,16651.509701492538
205,16651.161194029854
206,16640.235074626868
207,16642.600000000002
208,16642.624626865672
209,16635.737313432837
210,16625.244776119405
211,16635.29552238806
212,16644.45746268657
213,16647.855970149256
214,16641.259701492538
215,16646.33656716418
216,16644.830597014927
217,16652.624626865672
218,16657.667910447763
219,16652.9052238806
220,16658.123134328358
221,16655.102238805972
222,16657.699253731345
223,16664.051492537317
224,16659.008955223882
225,16655.203731343285
226,16654.33432835821
227,16659.064925373135
228,16653.6776119403
229,16658.12537313433
230,16647.369402985074
231,16644.935820895524
232,16649.660447761195
233,16644.938059701493
234,16647.779850746272
235,16642.54552238806
236,16645.690298507467
237,16650.28208955224
238,16642.782835820897
239,16647.412686567164
240,16648.092537313434
241,16655.05074626866
242,16649.867164179104
243,16648.85074626866
244,16643.53880597015
245,16641.165671641797
246,16644.65447761194
247,16640.162686567164
248,16637.174626865675
249,16640.655223880596
250,16644.017164179106
251,16647.490298507462
252,16647.76119402985
253,16651.129850746274
254,16651.138059701494
255,16643.8328358209
256,16645.188805970152
257,16650.99104477612
258,16658.55074626866
259,16655.97537313433
260,16651.700746268656
261,16636.20223880597
262,16640.762686567166
263,16643.97462686567
264,16638.908955223884
265,16642.205970149258
266,16638.2052238806
267,16640.32313432836
268,16635.313432835825
269,16632.098507462688
270,16633.700746268656
271,16634.714925373137
272,16636.744029850746
273,16634.382835820896
274,16638.367910447763
275,16644.34402985075
276,16632.347014925374
277,16636.51865671642
278,16636.574626865677
279,16644.264925373136
280,16642.160447761195
281,16648.66865671642
282,16651.95223880597
283,16655.418656716418
284,16643.2776119403
285,16654.711940298508
286,16656.081343283586
287,16656.401492537316
288,16656.04552238806
289,16650.462686567163
290,16644.27388059702
291,16650.33731343284
292,16655.887313432835
293,16650.169402985077
294,16656.621641791047
295,16653.19552238806
296,16650.376865671642
297,16655.61641791045
298,16654.410447761195
299,16655.106716417915
300,16658.370149253737
301,16657.648507462687
302,16656.081343283582
303,16655.765671641795
304,16660.071641791048
305,16657.908208955225
306,16659.68955223881
307,16653.827611940298
308,16654.90746268657
309,16662.24626865672
310,16648.235820895523
311,16652.67985074627
312,16643.571641791048
313,16657.96865671642
314,16652.54104477612
315,16662.488059701496
316,16648.80074626866
317,16651.369402985074
318,16654.15671641791
319,16647.691791044777
320,16641.672388059706
321,16635.40671641791
322,16633.05074626866
323,16630.29552238806
324,16626.479850746273
325,16629.729850746273
326,16625.859701492536
327,16632.2052238806
328,16629.352985074627
329,16637.345522388063
330,16631.054477611942
331,16634.67686567164
332,16638.939552238808
333,16638.99626865672
334,16633.305970149257
335,16642.09328358209
336,16643.11492537314
337,16638.459701492542
338,16639.21194029851
339,16637.20223880597
340,16621.958955223883
341,16630.374626865672
342,16624.502238805973
343,16622.631343283585
344,16620.3552238806
345,16619.17313432836
346,16622.595522388063
347,16618.11492537314
348,16626.17313432836
349,16608.342537313434
350,16622.251492537314
351,16615.030597014927
352,16616.35671641791
353,16615.217910447765
354,16620.15970149254
355,16615.852985074627
356,16616.37313432836
357,16616.698507462686
358,16611.76417910448
359,16605.990298507466
360,16613.97313432836
361,16620.290298507465
362,16616.745522388064
363,16621.742537313436
364,16633.529104477613
365,16626.481343283584
366,16625.381343283585
367,16615.46119402985
368,16616.203731343285
369,16605.427611940304
370,16595.26791044776
371,16598.098507462688
372,16596.85671641791
373,16599.86194029851
374,16588.99402985075
375,16605.78208955224
376,16603.87089552239
377,16610.822388059707
378,16612.770149253734
379,16617.6776119403
380,16624.367164179108
381,16632.117164179108
382,16616.67985074627
383,16617.855970149256
384,16623.60447761194
385,16610.752238805973
386,16608.88507462687
387,16605.94402985075
388,16611.712686567163
389,16609.335074626866
390,16611.56567164179
391,16611.73656716418
392,16619.011940298507
393,16625.092537313438
394,16624.019402985075
395,16627.258955223882
396,16623.590298507464
397,16626.9776119403
398,16644.72089552239
399,16639.155970149255
400,16641.759701492538
401,16648.78208955224
402,16643.537313432837
403,16647.73208955224
404,16650.473880597016
405,16648.728358208955
406,16652.119402985074
407,16662.97313432836
408,16659.919402985077
409,16655.475373134333
410,16657.04402985075
411,16657.27388059702
412,16654.638059701494
413,16661.28432835821
414,16656.51492537314
415,16661.213432835822
416,16660.285820895526
417,16650.620895522392
418,16644.160447761198
419,16633.59402985075
420,16629.969402985076
421,16620.367164179108
422,16622.379104477615
423,16612.91865671642
424,16610.014179104477
425,16603.509701492538
426,16593.212686567167
427,16602.979104477614
428,16608.14552238806
429,16600.221641791046
430,16597.03507462687
431,16593.624626865672
432,16604.88208955224
433,16612.34179104478
434,16618.407462686566
435,16602.11194029851
436,16616.467164179106
437,16617.057462686567
438,16618.985074626868
439,16615.91119402985
440,16615.667910447763
441,16612.523880597015
442,16620.093283582093
443,16616.8276119403
444,16622.171641791047
445,16621.11194029851
446,16618.101492537313
447,16619.531343283586
448,16628.152985074626
449,16622.66194029851
450,16634.729104477614
451,16641.871641791047
452,16626.531343283583
453,16625.45
454,16627.947014925372
455,16621.929104477615
456,16636.672388059702
457,16625.02462686567
458,16628.34179104478
459,16643.24552238806
460,16640.7552238806
461,16627.392537313433
462,16642.208208955228
463,16633.462686567167
464,16635.31567164179
465,16641.341044776123
466,16639.650746268657
467,16641.009701492538
468,16640.26641791045
469,16640.044029850746
470,16649.32089552239
471,16639.26417910448
472,16636.78656716418
473,16636.701492537315
474,16631.696268656717
475,16637.85298507463
476,16639.66417910448
477,16633.306716417912
478,16634.732835820894
479,16626.208208955224
480,16623.750000000004
481,16622.520149253734
482,16628.758208955227
483,16616.29850746269
484,16622.78731343284
485,16619.88507462687
486,16619.931343283588
487,16621.917164179104
488,16630.83358208955
489,16623.49850746269
490,16620.669402985077
491,16624.871641791047
492,16618.40820895523
493,16617.90447761194
494,16607.755970149257
495,16609.497014925375
496,16615.276865671643
497,16630.417164179107
498,16624.968656716417
499,16629.87313432836
500,16627.83955223881
501,16633.691044776122
502,16635.694029850747
503,16626.315671641794
504,16615.790298507465
505,16625.894776119407
506,16619.04104477612
507,16616.06791044776
508,16610.7052238806
509,16614.741791044777
510,16612.66194029851
511,16623.08880597015
512,16619.39776119403
513,16621.105223880597
514,16623.734328358212
515,16614.04328358209
516,16620.475373134326
517,16618.51791044776
518,16625.038059701496
519,16618.183582089554
520,16630.04328358209
521,16624.01343283582
522,16625.052238805973
523,16628.08358208955
524,16631.540298507465
525,16635.95746268657
526,16636.770149253734
527,16638.57537313433
528,16641.78208955224
529,16638.7276119403
530,16639.08656716418
531,16629.890298507464
532,16627.726865671644
533,16631.942537313436
534,16631.06119402985
535,16636.292537313435
536,16631.33358208955
537,16625.917910447763
538,16627.17089552239
539,16629.867910447767
540,16624.617910447763
541,16619.466417910447
542,16621.71865671642
543,16629.28656716418
544,16633.653731343285
545,16634.3052238806
546,16631.693283582095
547,16631.187313432838
548,16628.310447761196
549,16633.211194029853
550,16630.84776119403
551,16629.740298507462
552,16625.32985074627
553,16618.106716417915
554,16619.33955223881
555,16635.555970149257
556,16628.134328358214
557,16623.961194029853
558,16620.296268656723
559,16607.97835820896
560,16604.053731343287
561,16599.86641791045
562,16600.78432835821
563,16601.827611940298
564,16607.29402985075
565,16606.3776119403
566,16605.552985074628
567,16608.15298507463
568,16606.72835820896
569,16609.24552238806
570,16610.446268656717
571,16616.90447761194
572,16622.65970149254
573,16630.85895522388
574,16613.758955223882
575,16607.060447761196
576,16617.939552238808
577,16608.641044776123
578,16619.100746268658
579,16615.44626865672
580,16611.114925373135
581,16612.140298507464
582,16609.39850746269
583,16609.531343283586
584,16616.504477611943
585,16625.826865671643
586,16623.495522388064
587,16621.567910447764
588,16626.508955223882
589,16632.1276119403
590,16635.35970149254
591,16631.62985074627
592,16629.649253731346
593,16635.7276119403
594,16636.8552238806
595,16642.501492537314
596,16634.83880597015
597,16634.915671641793
598,16630.614179104483
599,16633.994776119405
600,16641.58955223881
601,16638.02537313433
602,16635.10746268657
603,16622.635820895524
604,16603.28656716418
605,16620.74402985075
606,16613.248507462686
607,16612.379850746267
608,16615.533582089553
609,16622.072388059703
610,16623.633582089555
611,16615.084328358214
612,16616.251492537318
613,16613.600000000006
614,16617.66417910448
615,16608.486567164182
616,16610.393283582092
617,16619.273134328356
618,16620.53208955224
619,16622.394776119403
620,16622.471641791046
621,16630.25
622,16618.469402985076
623,16622.208208955224
624,16616.49552238806
625,16624.460447761197
626,16629.079104477612
627,16625.017910447765
628,16639.522388059704
629,16635.911194029854
630,16625.65223880597
631,16642.59402985075
632,16631.211940298508
633,16633.320895522393
634,16637.97014925373
635,16642.421641791043
636,16643.351492537313
637,16639.667164179107
638,16640.979850746273
639,16643.00074626866
640,16642.020149253734
641,16637.41417910448
642,16636.23208955224
643,16639.005970149257
644,16633.618656716422
645,16633.8328358209
646,16635.88208955224
647,16628.951492537315
648,16634.64104477612
649,16634.13432835821
650,16626.292537313435
651,16629.22462686567
652,16626.09328358209
653,16627.59104477612
654,16632.756716417913
655,16634.18208955224
656,16632.56940298508
657,16626.31417910448
658,16631.254477611943
659,16618.557462686567
660,16611.40223880597
661,16615.82985074627
662,16619.804477611942
663,16626.304477611942
664,16631.991791044777
665,16639.528358208958
666,16624.380597014926
667,16632.579104477616
668,16637.216417910447
669,16639.910447761195
670,16636.78507462687
671,16644.758208955227
672,16642.83582089552
673,16645.397014925376
674,16648.228358208955
675,16652.24552238806
676,16651.750000000004
677,16644.99850746269
678,16642.679104477615
679,16652.3276119403
680,16639.40298507463
681,16638.962686567167
682,16623.498507462686
683,16627.333582089555
684,16619.99328358209
685,16619.803731343287
686,16622.764925373136
687,16620.38731343284
688,16627.080597014927
689,16626.846268656718
690,16633.039552238806
691,16631.40447761194
692,16631.358955223885
693,16639.03432835821
694,16645.725373134333
695,16645.147014925373
696,16642.933582089554
697,16641.761194029852
698,16650.878358208956
699,16652.347014925374
700,16650.143283582092
701,16649.037313432837
702,16653.6104477612
703,16653.41194029851
704,16658.378358208956
705,16646.73880597015
706,16652.75298507463
707,16665.755970149257
708,16663.449253731345
709,16667.92462686567
710,16660.235074626868
711,16633.353731343286
712,16614.697014925372
713,16616.102238805972
714,16617.69776119403
715,16622.670895522388
716,16614.388805970153
717,16621.665671641793
718,16620.421641791047
719,16624.635820895524
720,16631.820149253734
721,16634.764179104477
722,16639.410447761198
723,16638.027611940302
724,16640.477611940303
725,16639.55895522388
726,16644.562686567166
727,16646.74104477612
728,16637.1776119403
729,16632.30895522388
730,16631.711194029853
731,16632.992537313436
732,16637.071641791048
733,16632.694776119406
734,16638.586567164184
735,16641.18208955224
736,16634.1328358209
737,16631.597014925374
738,16642.217164179106
739,16644.01417910448
740,16630.077611940298
741,16644.68880597015
742,16651.29850746269
743,16637.199253731345
744,16637.15746268657
745,16642.88208955224
746,16646.58731343284
747,16645.417164179104
748,16645.735074626868
749,16643.624626865672
750,16641.35970149254
751,16642.676119402986
752,16644.355970149256
753,16648.36417910448
754,16648.660447761195
755,16634.219402985073
756,16639.77313432836
757,16643.350000000002
758,16643.89776119403
759,16642.76641791045
760,16642.06716417911
761,16644.489552238807
762,16640.371641791047
763,16638.14776119403
764,16636.428358208956
765,16634.267164179106
766,16613.153731343285
767,16618.99104477612
768,16612.697761194035
769,16614.708208955224
770,16616.937313432838
771,16611.436567164183
772,16606.758955223882
773,16602.856716417915
774,16609.62313432836
775,16618.049253731344
776,16617.279104477613
777,16613.385820895524
778,16616.829104477616
779,16615.288059701496
780,16618.102238805972
781,16615.32313432836
782,16621.55074626866
783,16623.912686567168
784,16624.04029850746
785,16629.062686567166
786,16630.412686567168
787,16624.248507462686
788,16614.210447761197
789,16608.15447761194
790,16609.447761194035
791,16608.726865671644
792,16604.567164179105
793,16609.985074626868
794,16617.047761194033
795,16620.455970149254
796,16608.12089552239
797,16616.373134328358
798,16617.333582089555
799,16615.367910447763
800,16617.191044776122
801,16627.990298507462
802,16628.581343283586
803,16626.556716417916
804,16627.770149253734
805,16622.351492537313
806,16623.870149253733
807,16626.71716417911
808,16624.664925373138
809,16624.49925373135
810,16623.660447761195
811,16629.558208955226
812,16622.916417910452
813,16624.687313432834
814,16626.04328358209
815,16623.92537313433
816,16621.28880597015
817,16615.960447761194
818,16617.642537313433
819,16627.04850746269
820,16628.069402985075
821,16638.262686567166
822,16630.39776119403
823,16628.367164179108
824,16622.538059701492
825,16628.485820895527
826,16627.81417910448
827,16629.520149253734
828,16626.186567164183
829,16624.982835820898
830,16616.88432835821
831,16628.654477611944
832,16627.622388059703
833,16630.017164179106
834,16627.044029850746
835,16620.623880597017
836,16628.49477611941
837,16628.923880597016
838,16613.808208955226
839,16628.691791044777
840,16623.026119402984
841,16637.902985074626
842,16631.110447761195
843,16633.217910447762
844,16632.08208955224
845,16635.979104477614
846,16623.360447761195
847,16627.895522388062
848,16622.23432835821
849,16630.76567164179
850,16628.183582089554
851,16624.12089552239
852,16635.100746268658
853,16629.188805970152
854,16630.49328358209
855,16634.644029850748
856,16634.12910447761
857,16641.596268656718
858,16642.787313432837
859,16635.331343283586
860,16642.37537313433
861,16636.711940298508
862,16637.870149253733
863,16635.29104477612
864,16645.231343283584
865,16644.549253731344
866,16639.82537313433
867,16636.552238805973
868,16637.552985074628
869,16645.68507462687
870,16647.258955223882
871,16638.32985074627
872,16644.300000000003
873,16626.441044776122
874,16629.626119402987
875,16621.034328358208
876,16627.39328358209
877,16618.936567164183
878,16623.49776119403
879,16625.73656716418
880,16627.688059701497
881,16626.88955223881
882,16627.690298507463
883,16622.313432835825
884,16631.303731343283
885,16622.601492537317
886,16618.55970149254
887,16626.36194029851
888,16626.01791044776
889,16623.36492537314
890,16636.965671641792
891,16641.551492537317
892,16646.18059701493
893,16641.15597014926
894,16638.570149253734
895,16654.62313432836
896,16655.702985074626
897,16660.811940298507
898,16661.87835820896
899,16662.11194029851
900,16666.961194029853
901,16647.917164179107
902,16658.369402985078
903,16658.50970149254
904,16655.85298507463
905,16649.497761194034
906,16651.192537313436
907,16646.533582089556
908,16630.08731343284
909,16633.430597014925
910,16627.70447761194
911,16621.74328358209
912,16630.49552238806
913,16630.216417910447
914,16629.097761194033
915,16620.524626865674
916,16622.360447761195
917,16621.172388059702
918,16618.307462686567
919,16612.082835820896
920,16620.39776119403
921,16624.235820895523
922,16627.256716417913
923,16624.41417910448
924,16619.653731343285
925,16628.81641791045
926,16623.261194029852
927,16632.165671641793
928,16631.333582089555
929,16627.820895522393
930,16616.81865671642
931,16625.144029850748
932,16626.897014925373
933,16628.437313432838
934,16631.47089552239
935,16631.603731343286
936,16636.320895522393
937,16635.847014925374
938,16634.904477611944
939,16642.88432835821
940,16650.620149253733
941,16642.34104477612
942,16646.81119402985
943,16641.858955223885
944,16648.609701492536
945,16644.628358208956
946,16647.97537313433
947,16651.06417910448
948,16653.002985074632
949,16650.02089552239
950,16647.855970149256
951,16653.099253731347
952,16644.453731343285
953,16637.761194029852
954,16633.89850746269
955,16637.890298507464
956,16637.895522388062
957,16637.276865671647
958,16629.90746268657
959,16615.364925373135
960,16609.846268656718
961,16609.441791044777
962,16605.969402985076
963,16618.278358208954
964,16615.142537313433
965,16616.418656716418
966,16614.618656716422
967,16616.79104477612
968,16615.61268656717
969,16617.767164179106
970,16615.20970149254
971,16633.087313432836
972,16629.149999999998
973,16619.552238805973
974,16617.76865671642
975,16617.89104477612
976,16633.31417910448
977,16638.898507462687
978,16645.532089552238
979,16648.172388059702
980,16652.76940298508
981,16650.376119402987
982,16651.205970149254
983,16658.69850746269
984,16651.449253731345
985,16645.597014925377
986,16643.89776119403
987,16632.70223880597
988,16651.326865671643
989,16651.666417910452
990,16655.888805970153
991,16656.602238805972
992,16653.005970149257
993,16650.731343283584
994,16654.031343283583
995,16651.258955223882
996,16654.082835820896
997,16656.768656716416
998,16662.673880597016
999,16664.39552238806
1000,16672.003731343284
1001,16663.590298507464
1002,16648.31194029851
1003,16662.42537313433
1004,16650.234328358212
1005,16653.505970149254
1006,16657.808208955226
1007,16659.767910447765
1008,16664.45
1009,16654.90223880597
1010,16647.677611940304
1011,16649.07089552239
1012,16648.22388059702
1013,16646.415671641793
1014,16642.126865671646
1015,16640.57537313433
1016,16640.780597014927
1017,16638.363432835824
1018,16628.03432835821
1019,16648.236567164182
1020,16652.75447761194
1021,16662.459701492542
1022,16642.721641791046
1023,16641.767910447765
1024,16640.735074626864
1025,16645.12985074627
1026,16642.808208955226
1027,16646.192537313433
1028,16652.27537313433
1029,16656.333582089555
1030,16655.185074626865
1031,16657.8052238806
1032,16650.92089552239
1033,16654.063432835825
1034,16659.510447761193
1035,16660.9552238806
1036,16658.600000000002
1037,16656.38432835821
1038,16655.087313432836
1039,16643.144776119407
1040,16643.91194029851
1041,16652.418656716418
1042,16656.062686567166
1043,16646.4552238806
1044,16649.671641791047
1045,16645.058208955226
1046,16640.852238805972
1047,16635.267164179106
1048,16635.81194029851
1049,16640.26417910448
1050,16633.4052238806
1051,16639.535074626867
1052,16637.020149253734
1053,16636.623880597017
1054,16641.100746268658
1055,16645.433582089558
1056,16635.45746268657
1057,16642.62985074627
1058,16639.440298507463
1059,16637.739552238807
1060,16632.69402985075
1061,16632.214925373137
1062,16637.57313432836
1063,16632.585074626866
1064,16628.23955223881
1065,16641.076865671643
1066,16634.813432835825
1067,16632.278358208958
1068,16637.867164179104
1069,16635.835074626866
1070,16637.868656716422
1071,16631.762686567166
1072,16638.283582089556
1073,16636.444029850743
1074,16635.121641791044
1075,16648.519402985075
1076,16655.855223880597
1077,16656.26343283582
1078,16661.315671641794
1079,16656.288059701492
1080,16658.802238805973
1081,16654.251492537314
1082,16660.522388059704
1083,16655.303731343287
1084,16663.354477611945
1085,16654.681343283584
1086,16655.614925373135
1087,16647.188059701493
1088,16653.8328358209
1089,16654.004477611943
1090,16649.319402985075
1091,16643.596268656718
1092,16635.80746268657
1093,16642.989552238807
1094,16642.0552238806
1095,16630.613432835824
1096,16631.98432835821
1097,16642.46417910448
1098,16639.913432835823
1099,16639.8276119403
1100,16629.10970149254
1101,16639.794776119405
1102,16645.694029850747
1103,16638.73656716418
1104,16644.59402985075
1105,16648.154477611944
1106,16635.830597014927
1107,16631.390298507464
1108,16634.052238805973
1109,16639.6828358209
1110,16630.471641791046
1111,16625.88656716418
1112,16618.808208955226
1113,16627.72985074627
1114,16625.31119402985
1115,16609.09850746269
1116,16614.923880597016
1117,16610.374626865672
1118,16612.07089552239
1119,16609.01492537314
1120,16609.865671641794
1121,16618.439552238808
1122,16616.14626865672
1123,16616.575373134332
1124,16625.226119402985
1125,16625.856716417915
1126,16629.16641791045
1127,16624.84328358209
1128,16615.643283582092
1129,16619.152985074626
1130,16623.253731343284
1131,16629.2552238806
1132,16632.76567164179
1133,16629.20895522388
1134,16630.24626865672
1135,16627.964925373137
1136,16622.10597014926
1137,16626.99104477612
1138,16627.037313432837
1139,16622.561194029855
1140,16623.862686567165
1141,16622.479104477614
1142,16624.38582089552
1143,16634.140298507464
1144,16633.31417910448
1145,16646.2
1146,16642.35447761194
1147,16643.364179104483
1148,16630.191044776122
1149,16628.108955223885
1150,16623.000000000004
1151,16630.375373134328
1152,16619.59552238806
1153,16618.89850746269
1154,16613.825373134332
1155,16612.014925373136
1156,16602.73880597015
1157,16615.601492537313
1158,16614.61641791045
1159,16616.458955223883
1160,16622.83880597015
1161,16614.674626865675
1162,16627.376865671642
1163,16627.716417910447
1164,16627.064925373135
1165,16623.667910447763
1166,16629.219402985076
1167,16636.067910447764
1168,16645.551492537317
1169,16639.9
1170,16640.49179104478
1171,16636.94328358209
1172,16642.660447761198
1173,16643.915671641793
1174,16648.68432835821
1175,16656.55746268657
1176,16651.753731343284
1177,16649.76194029851
1178,16650.56567164179
1179,16647.985820895523
1180,16639.413432835823
1181,16640.598507462688
1182,16632.190298507463
1183,16629.54850746269
1184,16631.26716417911
1185,16638.321641791044
1186,16628.385820895524
1187,16638.456716417913
1188,16640.574626865673
1189,16634.563432835825
1190,16629.667164179107
1191,16632.292537313435
1192,16632.554477611942
1193,16629.598507462688
1194,16636.01417910448
1195,16625.262686567166
1196,16632.95074626866
1197,16641.88656716418
1198,16630.338059701495
1199,16637.965671641792
1200,18786.7052238806
1201,16653.42686567164
1202,16647.689552238808
1203,16646.683582089554
1204,16650.484328358212
1205,16648.906716417914
1206,16659.308208955226
1207,16652.41194029851
1208,16652.68507462687
1209,16658.904477611944
1210,16651.928358208956
1211,16653.28656716418
1212,16655.51567164179
1213,16654.991791044777
1214,16657.42985074627
1215,16654.792537313435
1216,16647.471641791046
1217,16640.855970149256
1218,16637.33656716418
1219,16645.727611940303
1220,16659.91417910448
1221,16661.0776119403
1222,16657.61417910448
1223,16659.898507462687
1224,16657.347014925374
1225,16651.418656716418
1226,16653.655223880596
1227,16655.07835820896
1228,16663.822388059703
1229,16657.700746268656
1230,16660.822388059703
1231,16660.13955223881
1232,16661.602238805972
1233,16660.70298507463
1234,16656.891044776123
1235,16651.647014925373
1236,16652.848507462688
1237,16651.17910447761
1238,16649.08656716418
1239,16652.90671641791
1240,16670.939552238808
1241,16656.280597014927
1242,16660.658208955225
1243,16666.303731343283
1244,16670.69328358209
1245,16668.279104477613
1246,16666.31119402985
1247,16669.483582089553
1248,16664.465671641792
1249,16668.351492537317
1250,16661.373880597017
1251,16658.917164179107
1252,16656.36641791045
1253,16654.97089552239
1254,16648.701492537315
1255,16651.06119402985
1256,16646.719402985076
1257,16651.99776119403
1258,16659.651492537316
1259,16649.554477611942
1260,16655.374626865676
1261,16641.970895522394
1262,16658.38955223881
1263,16652.18059701493
1264,16650.150000000005
1265,16657.372388059706
1266,16645.657462686566
1267,16645.976865671644
1268,16652.826865671643
1269,16646.600000000002
1270,16653.23880597015
1271,16653.98432835821
1272,16640.641044776123
1273,16643.631343283585
1274,16640.465671641792
1275,16618.176119402986
1276,16624.289552238806
1277,16627.633582089555
1278,16630.152985074626
1279,16619.237313432837
1280,16636.176119402986
1281,16640.937313432838
1282,16648.72313432836
1283,16632.417910447763
1284,16636.483582089553
1285,16635.53880597015
1286,16645.55895522388
1287,16644.70970149254
1288,16643.278358208958
1289,16643.87537313433
1290,16639.8
1291,16647.508955223882
1292,16652.145522388062
1293,16645.431343283584
1294,16648.781343283586
1295,16637.961194029853
1296,16631.319402985075
1297,16638.56641791045
1298,16632.845522388063
1299,16644.70970149254
1300,16646.699253731345
1301,16646.559701492537
1302,16644.620149253733
1303,16654.777611940302
1304,16645.83880597015
1305,16647.388059701494
1306,16652.330597014927
1307,16647.40373134329
1308,16660.978358208955
1309,16671.197014925376
1310,16656.615671641794
1311,16652.433582089554
1312,16654.71865671642
1313,16646.120149253733
1314,16647.941044776122
1315,16647.508208955227
1316,16644.02313432836
1317,16657.987313432837
1318,16639.602985074627
1319,16643.16119402985
1320,16636.72462686567
1321,16639.15223880597
1322,16637.549253731344
1323,16638.06940298508
1324,16635.355223880597
1325,16643.810447761196
1326,16649.226865671644
1327,16645.45746268657
1328,16646.61492537314
1329,16647.527611940302
1330,16651.102238805972
1331,16642.77089552239
1332,16639.849253731347
1333,16648.779850746272
1334,16647.888805970153
1335,16650.40970149254
1336,16650.808208955226
1337,16645.37537313433
1338,16651.176119402986
1339,16650.772388059704
1340,16648.407462686566
1341,16653.48880597015
1342,16660.30895522388
1343,16663.61194029851
1344,16654.941791044777
1345,16657.962686567167
1346,16655.48731343284
1347,16668.17313432836
1348,16667.077611940298
1349,16676.392537313433
1350,16677.87537313433
1351,16674.226119402985
1352,16668.205970149254
1353,16658.27388059702
1354,16666.05746268657
1355,16656.876865671646
1356,16656.650746268657
1357,16653.65746268657
1358,16670.18880597015
1359,16655.385820895524
1360,16658.105970149256
1361,16658.72164179105
1362,16653.351492537317
1363,16650.221641791046
1364,16655.818656716423
1365,16658.05
1366,16656.797014925378
1367,16661.297014925374
1368,16663.46865671642
1369,16664.47089552239
1370,16672.04402985075
1371,16670.47985074627
1372,16670.15447761194
1373,16671.10671641791
1374,16661.18656716418
1375,16658.58955223881
1376,16657.459701492542
1377,16662.40970149254
1378,16667.697014925376
1379,16662.546268656723
1380,16655.792537313435
1381,16665.603731343286
1382,16666.479104477614
1383,16667.13208955224
1384,16675.26641791045
1385,16666.37313432836
1386,16670.4052238806
1387,16671.988059701496
1388,16677.094776119407
1389,16680.26343283582
1390,16672.48656716418
1391,16674.374626865672
1392,16683.11417910448
1393,16680.82611940299
1394,16676.884328358214
1395,16674.476865671644
1396,16679.98731343284
1397,16676.111194029854
1398,16680.372388059703
1399,16670.985074626868
1400,16671.93507462687
1401,16668.13731343284
1402,16672.5776119403
1403,16666.229850746273
1404,16656.09850746269
1405,16664.617910447763
1406,16658.599253731343
1407,16665.31268656717
1408,16663.22537313433
1409,16664.990298507462
1410,16661.249253731345
1411,16665.61119402985
1412,16675.394776119407
1413,16665.032835820897
1414,16666.912686567168
1415,16675.285074626867
1416,16662.54179104478
1417,16674.9276119403
1418,16668.660447761198
1419,16674.336567164184
1420,16666.30074626866
1421,16663.872388059706
1422,16671.130597014926
1423,16666.812686567166
1424,16664.15223880597
1425,16667.221641791046
1426,16661.292537313435
1427,16668.609701492536
1428,16673.444776119406
1429,16679.814925373135
1430,16672.248507462686
1431,16675.734328358212
1432,16677.605970149256
1433,16684.054477611942
1434,16676.962686567167
1435,16687.021641791045
1436,16682.22910447761
1437,16682.958955223883
1438,16672.808208955226
1439,16673.99402985075
1440,16687.35447761194
1441,16686.09402985075
1442,16683.794776119405
1443,16675.051492537317
1444,16682.535074626867
1445,16683.06865671642
1446,16675.083582089555
1447,16681.47835820896
1448,16683.364179104483
1449,16685.55746268657
1450,16682.441791044777
1451,16677.13208955224
1452,16672.190298507467
1453,16669.63955223881
1454,16668.70074626866
1455,16678.19776119403
1456,16673.785820895526
1457,16672.892537313433
1458,16669.38731343284
1459,16679.026119402988
1460,16684.715671641792
1461,16676.182835820895
1462,16679.15970149254
1463,16677.881343283585
1464,16674.840298507464
1465,16686.556716417912
1466,16681.344776119404
1467,16684.00298507463
1468,16683.774626865674
1469,16679.18208955224
1470,16680.15746268657
1471,16691.323134328362
1472,16679.033582089553
1473,16681.020149253734
1474,16687.668656716418
1475,16690.48880597015
1476,16682.26641791045
1477,16682.40746268657
1478,16680.92686567164
1479,16681.598507462688
1480,16687.467910447762
1481,16694.773880597015
1482,16688.732835820898
1483,16689.82835820896
1484,16686.99104477612
1485,16692.931343283584
1486,16686.688059701493
1487,16679.260447761197
1488,16680.99552238806
1489,16681.30223880597
1490,16679.665671641793
1491,16688.167164179107
1492,16684.66194029851
1493,16685.271641791045
1494,16685.476119402985
1495,16685.270149253734
1496,16694.72164179105
1497,16694.742537313436
1498,16691.52089552239
1499,16700.94850746269
1500,16696.511194029856
1501,16691.37985074627
1502,16689.231343283587
1503,16692.98880597015
1504,16688.824626865673
1505,16695.773880597015
1506,16693.625373134328
1507,16690.360447761195
1508,16692.958955223883
1509,16692.42985074627
1510,16684.8380597015
1511,16689.258955223882
1512,16681.011194029856
1513,16672.907462686566
1514,16672.45447761194
1515,16664.052985074628
1516,16664.617910447763
1517,16667.760447761197
1518,16670.024626865674
1519,16667.696268656717
1520,16658.485074626868
1521,16664.471641791046
1522,16663.93507462687
1523,16670.224626865675
1524,16666.492537313436
1525,16671.1552238806
1526,16678.765671641795
1527,16675.93134328358
1528,16674.347014925377
1529,16673.822388059703
1530,16674.947761194035
1531,16690.924626865675
1532,16676.917164179107
1533,16687.39552238806
1534,16676.70149253731
1535,16679.24402985075
1536,16681.330597014927
1537,16680.92611940299
1538,16685.332835820896
1539,16676.97014925373
1540,16682.130597014926
1541,16682.944776119406
1542,16683.476119402985
1543,16680.732835820898
1544,16680.78208955224
1545,16683.838059701495
1546,16683.794776119405
1547,16685.751492537314
1548,16683.172388059702
1549,16673.787313432837
1550,16673.60895522388
1551,16674.429104477615
1552,16669.001492537314
1553,16661.09179104478
1554,16666.78208955224
1555,16667.1276119403
1556,16665.815671641794
1557,16668.851492537313
1558,16674.71865671642
1559,16674.121641791047
1560,16675.800746268662
1561,16684.13208955224
1562,16680.235820895527
1563,16678.867910447763
1564,16680.14776119403
1565,16684.90671641791
1566,16684.00298507463
1567,16670.40223880597
1568,16668.59776119403
1569,16661.99776119403
1570,16652.897014925376
1571,16646.208208955228
1572,16643.507462686568
1573,16643.895522388062
1574,16645.04402985075
1575,16648.465671641796
1576,16654.858208955226
1577,16650.658955223884
1578,16667.388059701494
1579,16664.458208955228
1580,16660.335074626866
1581,16657.401492537316
1582,16654.738059701493
1583,16663.024626865674
1584,16655.529104477613
1585,16659.38880597015
1586,16667.10447761194
1587,16665.714179104478
1588,16674.545522388064
1589,16665.820149253734
1590,16662.371641791044
1591,16662.982089552243
1592,16658.982835820894
1593,16659.905970149255
1594,16663.644029850748
1595,16675.069402985075
1596,16653.58582089552
1597,16662.214179104478
1598,16664.300000000003
1599,16665.755970149254
1600,16667.44850746269
1601,16677.08432835821
1602,16668.732835820894
1603,16663.02537313433
1604,16648.74776119403
1605,16653.714179104478
1606,16658.19776119403
1607,16650.486567164182
1608,16653.3552238806
1609,16646.219402985076
1610,16646.33208955224
1611,16655.002238805973
1612,16658.544776119405
1613,16659.3052238806
1614,16669.9276119403
1615,16670.217164179106
1616,16669.176119402986
1617,16675.462686567167
1618,16681.209701492542
1619,16677.015671641795
1620,16686.658208955225
1621,16664.880597014926
1622,16687.073880597018
1623,16673.850000000002
1624,16680.008208955223
1625,16676.50074626866
1626,16680.70895522388
1627,16681.27089552239
1628,16672.4052238806
1629,16686.305970149257
1630,16686.19104477612
1631,16687.594776119404
1632,16685.323134328362
1633,16677.781343283583
1634,16679.004477611943
1635,16688.400746268657
1636,16680.12835820896
1637,16680.820149253734
1638,16677.47537313433
1639,16677.58432835821
1640,16670.538059701496
1641,16673.009701492538
1642,16668.030597014927
1643,16670.626119402987
1644,16667.051492537317
1645,16683.471641791046
1646,16683.36641791045
1647,16690.90223880597
1648,16685.72537313433
1649,16674.137313432835
1650,16673.69179104478
1651,16678.184328358213
1652,16665.37089552239
1653,16672.232089552243
1654,16670.385820895524
1655,16669.38731343284
1656,16670.33208955224
1657,16669.115671641794
1658,16663.51791044776
1659,16660.412686567168
1660,16670.82985074627
1661,16660.835074626866
1662,16670.781343283586
1663,16667.211940298508
1664,16663.747761194034
1665,16668.999253731345
1666,16668.208955223883
1667,16664.694776119402
1668,16670.021641791045
1669,16669.556716417912
1670,16661.215671641792
1671,16676.074626865673
1672,16673.706716417913
1673,16671.832835820896
1674,16679.142537313437
1675,16666.81641791045
1676,16663.602238805972
1677,16666.506716417913
1678,16664.287313432837
1679,16667.65970149254
1680,16669.691044776122
1681,16678.899253731346
1682,16680.762686567166
1683,16673.53955223881
1684,16668.52089552239
1685,16670.74925373135
1686,16668.734328358212
1687,16678.202238805974
1688,16683.768656716416
1689,16682.383582089555
1690,16675.762686567166
1691,16681.80074626866
1692,16679.61492537314
1693,16678.292537313435
1694,16677.576119402987
1695,16673.69626865672
1696,16666.15746268657
1697,16676.81641791045
1698,16677.71641791045
1699,16679.80895522388
1700,16679.338059701495
1701,16671.6276119403
1702,16673.208955223883
1703,16674.391791044774
1704,16666.02537313433
1705,16674.090298507464
1706,16668.046268656715
1707,16648.958955223883
1708,16660.744029850746
1709,16664.287313432837
1710,16668.037313432837
1711,16657.345522388063
1712,16651.433582089554
1713,16643.97462686567
1714,16644.401492537316
1715,16646.83731343284
1716,16652.783582089553
1717,16661.555970149257
1718,16668.717164179106
1719,16666.482835820898
1720,16657.273880597015
1721,16669.188805970152
1722,16676.33432835821
1723,16672.161194029854
1724,16693.26791044776
1725,16694.750000000004
1726,16680.034328358215
1727,16677.152985074626
1728,16689.454477611944
1729,16697.80074626866
1730,16692.97537313433
1731,16689.9328358209
1732,16697.774626865674
1733,16700.38955223881
1734,16686.184328358213
1735,16695.508955223882
1736,16705.358208955226
1737,16701.960447761194
1738,16701.206716417913
1739,16704.719402985076
1740,16700.57985074627
1741,16698.29253731343
1742,16695.926119402986
1743,16702.759701492538
1744,16708.681343283584
1745,16706.32985074627
1746,16699.64850746269
1747,16704.65
1748,16688.694029850747
1749,16688.288805970154
1750,16685.362686567165
1751,16684.31865671642
1752,16689.801492537317
1753,16689.051492537314
1754,16684.733582089553
1755,16667.81417910448
1756,16669.128358208956
1757,16676.53656716418
1758,16669.99701492537
1759,16679.49402985075
1760,16679.236567164182
1761,16680.365671641794
1762,16683.568656716416
1763,16687.460447761194
1764,16684.621641791047
1765,16687.331343283586
1766,16683.636567164183
1767,16688.702238805974
1768,16686.95970149254
1769,16689.326119402987
1770,16687.310447761196
1771,16680.919402985077
1772,16693.226119402985
1773,16693.141791044778
1774,16697.385820895524
1775,16698.469402985076
1776,16694.797761194033
1777,16693.335820895525
1778,16689.123880597017
1779,16679.48059701493
1780,16683.58656716418
1781,16670.560447761196
1782,16670.115671641794
1783,16654.909701492536
1784,16667.376865671642
1785,16679.166417910452
1786,16670.447014925372
1787,16674.24328358209
1788,16672.645522388062
1789,16670.505970149254
1790,16669.888805970153
1791,16667.4552238806
1792,16664.017164179106
1793,16670.4052238806
1794,16666.72014925373
1795,16671.317910447764
1796,16669.417910447763
1797,16677.41641791045
1798,16689.31865671642
1799,16687.394029850748
1800,16685.38432835821
1801,16697.134328358214
1802,16693.823880597018
1803,16702.539552238806
1804,16702.49402985075
1805,16697.003731343288
1806,16702.10671641791
1807,16691.350746268658
1808,16699.933582089554
1809,16699.6276119403
1810,16706.032835820897
1811,16700.54552238806
1812,16696.444029850747
1813,16684.20298507463
1814,16682.137313432835
1815,16684.989552238807
1816,16683.955970149254
1817,16673.594029850745
1818,16682.99179104478
1819,16684.138805970153
1820,16691.93134328358
1821,16694.580597014927
1822,16698.15895522388
1823,16699.758955223882
1824,16702.717910447765
1825,16705.603731343286
1826,16720.825373134332
1827,16705.371641791047
1828,16702.967164179106
1829,16695.24626865672
1830,16702.690298507463
1831,16702.017164179106
1832,16694.283582089556
1833,16708.400746268657
1834,16699.263432835825
1835,16700.940298507463
1836,16696.47611940299
1837,16698.1552238806
1838,16701.126865671646
1839,16703.850746268658
1840,16699.332835820896
1841,16700.25074626866
1842,16699.56641791045
1843,16702.13656716418
1844,16701.811194029855
1845,16710.22611940299
1846,16714.708955223883
1847,16703.092537313438
1848,16706.644029850748
1849,16701.869402985078
1850,16706.616417910445
1851,16696.019402985075
1852,16699.6276119403
1853,16701.917910447763
1854,16700.24402985075
1855,16699.67835820896
1856,16696.305970149257
1857,16687.302985074628
1858,16695.43656716418
1859,16695.788059701496
1860,16702.55970149254
1861,16704.990298507466
1862,16697.29850746269
1863,16702.964925373137
1864,16705.05746268657
1865,16697.87164179105
1866,16687.512686567166
1867,16695.756716417913
1868,16676.762686567166
1869,16661.071641791044
1870,16669.18880597015
1871,16660.978358208955
1872,16653.641044776123
1873,16662.302985074628
1874,16659.10671641791
1875,16661.99925373135
1876,16661.89776119403
1877,16671.77313432836
1878,16672.874626865672
1879,16689.876119402987
1880,16684.664925373134
1881,16684.65298507463
1882,16678.303731343283
1883,16688.676865671645
1884,16682.608208955226
1885,16673.74776119403
1886,16691.942537313433
1887,16677.79328358209
1888,16676.726865671644
1889,16671.851492537317
1890,16682.103731343283
1891,16679.677611940297
1892,16687.259701492538
1893,16681.89626865672
1894,16693.058208955226
1895,16690.467910447765
1896,16694.597761194033
1897,16691.126865671646
1898,16691.79626865672
1899,16694.9052238806
1900,16680.502238805973
1901,16691.241791044777
1902,16685.785074626867
1903,16684.57313432836
1904,16685.326865671646
1905,16687.378358208956
1906,16677.653731343285
1907,16668.181343283584
1908,16674.381343283585
1909,16675.962686567167
1910,16677.5604477612
1911,16666.194029850747
1912,16673.645522388062
1913,16685.863432835824
1914,16684.02313432836
1915,16677.28880597015
1916,16679.87089552239
1917,16681.78656716418
1918,16688.22313432836
1919,16682.514179104477
1920,16670.668656716418
1921,16675.655970149255
1922,16682.63208955224
1923,16675.463432835822
1924,16677.99104477612
1925,16691.438805970152
1926,16688.732835820898
1927,16691.681343283584
1928,16700.276865671643
1929,16702.31343283582
1930,16701.733582089553
1931,16698.212686567163
1932,16698.946268656717
1933,16694.514925373136
1934,16702.3276119403
1935,16692.63731343284
1936,16695.5052238806
1937,16694.874626865672
1938,16697.694029850747
1939,16690.330597014927
1940,16691.24776119403
1941,16693.51716417911
1942,16691.78731343284
1943,16701.577611940298
1944,16697.47014925373
1945,16704.926119402986
1946,16701.19850746269
1947,16709.49328358209
1948,16698.368656716422
1949,16697.524626865674
1950,16693.43134328358
1951,16686.456716417913
1952,16686.862686567165
1953,16696.512686567166
1954,16693.085820895525
1955,16692.596268656718
1956,16693.665671641793
1957,16703.751492537314
1958,16696.28731343284
1959,16693.388059701494
1960,16688.10671641791
1961,16683.034328358208
1962,16684.899253731346
1963,16670.619402985078
1964,16674.520149253734
1965,16670.882835820896
1966,16673.326119402984
1967,16675.78656716418
1968,16672.49850746269
1969,16671.45671641791
1970,16668.788059701492
1971,16667.705970149254
1972,16666.81716417911
1973,16667.74104477612
1974,16674.38656716418
1975,16673.290298507465
1976,16677.43208955224
1977,16682.035074626867
1978,16674.75298507463
1979,16690.34402985075
1980,16695.20298507463
1981,16696.332089552245
1982,16701.92537313433
1983,16708.56417910448
1984,16709.129104477615
1985,16707.36119402985
1986,16701.750746268663
1987,16696.41119402985
1988,16705.307462686567
1989,16687.893283582092
1990,16686.056716417912
1991,16692.041791044776
1992,16685.555970149257
1993,16688.324626865677
1994,16695.276865671643
1995,16697.921641791047
1996,16698.56268656717
1997,16704.07985074627
1998,16689.273134328363
1999,16702.53880597015
2000,16705.897014925376
2001,16713.132835820896
2002,16705.372388059703
2003,16701.392537313433
2004,16707.953731343285
2005,16710.47686567164
2006,16695.89850746269
2007,16705.01641791045
2008,16716.885074626865
2009,16710.279104477613
2010,16708.769402985075
2011,16724.8776119403
2012,16725.95447761194
2013,16719.757462686568
2014,16723.401492537316
2015,16714.914925373134
2016,16705.306716417912
2017,16709.506716417913
2018,16712.140298507464
2019,16709.18955223881
2020,16717.13208955224
2021,16698.96343283582
2022,16687.9723880597
2023,16680.141791044778
2024,16674.63507462687
2025,16679.07537313433
2026,16682.153731343282
2027,16693.785074626867
2028,16685.932089552243
2029,16690.811940298507
2030,16696.064925373135
2031,16706.749253731345
2032,16692.917910447763
2033,16689.71865671642
2034,16687.055223880598
2035,16678.347014925374
2036,16679.87089552239
2037,16690.95746268657
2038,16693.06119402985
2039,16695.86492537314
2040,16692.985820895523
2041,16695.4052238806
2042,16699.382835820896
2043,16694.65746268657
2044,16697.95447761194
2045,16696.191044776122
2046,16704.38507462687
2047,16701.453731343285
2048,16712.335074626866
2049,16710.049253731344
2050,16707.03208955224
2051,16713.68059701493
2052,16719.70149253732
2053,16713.333582089555
2054,16714.535820895526
2055,16714.641791044778
2056,16715.414179104482
2057,16708.181343283584
2058,16719.76194029851
2059,16721.681343283584
2060,16714.323880597014
2061,16713.069402985075
2062,16716.429104477615
2063,16718.336567164184
2064,16710.517164179106
2065,16709.35746268657
2066,16711.652238805975
2067,16703.126119402987
2068,16713.196268656717
2069,16712.426119402986
2070,16712.751492537314
2071,16708.485820895523
2072,16708.739552238807
2073,16711.630597014926
2074,16699.509701492538
2075,16699.576865671643
2076,16709.508208955227
2077,16708.508955223882
2078,16703.52985074627
2079,16702.7604477612
2080,16698.725373134326
2081,16709.923880597016
2082,16714.5276119403
2083,16705.80074626866
2084,16698.413432835823
2085,16697.537313432837
2086,16675.65970149254
2087,16693.192537313433
2088,16690.878358208956
2089,16687.59402985075
2090,16702.16417910448
2091,16695.126119402987
2092,16696.44104477612
2093,16702.279104477613
2094,16697.45970149254
2095,16706.029104477613
2096,16706.593283582093
2097,16708.606716417915
2098,16715.620895522392
2099,16707.88432835821
2100,16709.819402985075
2101,16714.433582089554
2102,16715.761194029856
2103,16711.67313432836
2104,16720.39776119403
2105,16711.70746268657
2106,16724.209701492542
2107,16718.815671641794
2108,16726.92313432836
2109,16718.465671641792
2110,16724.302238805973
2111,16721.537313432837
2112,16709.650746268657
2113,16717.86417910448
2114,16715.105223880597
2115,16715.20298507463
2116,16712.290298507465
2117,16722.55970149254
2118,16710.58731343284
2119,16711.464179104478
2120,16707.078358208957
2121,16711.53208955224
2122,16715.527611940302
2123,16719.326119402987
2124,16713.75746268657
2125,16721.225373134326
2126,16718.169402985077
2127,16723.051492537314
2128,16725.58880597015
2129,16735.619402985078
2130,16732.13880597015
2131,16732.740298507462
2132,16725.552985074628
2133,16727.779104477613
2134,16723.02313432836
2135,16701.22014925373
2136,16709.47388059702
2137,16716.49104477612
2138,16716.9276119403
2139,16710.77089552239
2140,16714.781343283586
2141,16713.572388059703
2142,16725.635820895524
2143,16717.6776119403
2144,16724.424626865675
2145,16717.582089552237
2146,16720.283582089556
2147,16710.14776119403
2148,16703.76865671642
2149,16700.541791044776
2150,16695.781343283583
2151,16703.431343283584
2152,16709.6552238806
2153,16707.52089552239
2154,16706.526119402988
2155,16714.569402985075
2156,16712.367164179104
2157,16704.402238805975
2158,16697.76417910448
2159,16693.447014925376
2160,16695.556716417912
2161,16700.062686567166
2162,16692.79104477612
2163,16690.324626865673
2164,16701.284328358208
2165,16710.050000000003
2166,16706.976865671644
2167,16719.014925373136
2168,16711.56119402985
2169,16703.80895522388
2170,16707.276119402988
2171,16720.22164179105
2172,16720.062686567166
2173,16719.538059701496
2174,16713.662686567164
2175,16706.438059701493
2176,16708.25074626866
2177,16719.572388059703
2178,16705.47537313433
2179,16717.303731343283
2180,16711.18507462687
2181,16721.497761194034
2182,16712.672388059702
2183,16710.988059701496
2184,16718.521641791045
2185,16704.161194029854
2186,16701.060447761196
2187,16693.481343283584
2188,16699.255970149257
2189,16699.373880597017
2190,16699.256716417913
2191,16698.08432835821
2192,16695.95
2193,16703.0276119403
2194,16699.979104477618
2195,16705.950000000004
2196,16703.73955223881
2197,16706.287313432837
2198,16706.917164179107
2199,16703.8552238806
2200,16708.21940298508
2201,16697.917164179107
2202,16699.673134328357
2203,16696.622388059703
2204,16706.60671641791
2205,16700.10298507463
2206,16702.38432835821
2207,16705.797761194033
2208,16704.229104477618
2209,16699.992537313436
2210,16694.395522388062
2211,16701.486567164182
2212,16703.188059701493
2213,16697.756716417913
2214,16694.69776119403
2215,16710.37537313433
2216,16708.855970149252
2217,16705.958955223887
2218,16702.23432835821
2219,16706.52388059702
2220,16701.89104477612
2221,16711.045522388064
2222,16714.026865671643
2223,16717.623880597013
2224,16717.35970149254
2225,16717.737313432837
2226,16711.3
2227,16717.384328358214
2228,16711.49626865672
2229,16709.126119402987
2230,16708.76641791045
2231,16708.021641791045
2232,16709.939552238808
2233,16705.179104477615
2234,16704.54328358209
2235,16696.88059701493
2236,16699.919402985073
2237,16691.95970149254
2238,16694.892537313437
2239,16696.188059701497
2240,16697.604477611938
2241,16702.211194029853
2242,16707.131343283585
2243,16708.70671641791
2244,16687.771641791045
2245,16703.983582089553
2246,16704.56567164179
2247,16700.532835820897
2248,16700.5776119403
2249,16698.36641791045
2250,16693.29776119403
2251,16698.30074626866
2252,16704.907462686566
2253,16712.808208955226
2254,16712.62313432836
2255,16717.618656716422
2256,16722.079104477616
2257,16713.348507462688
2258,16717.799253731344
2259,16722.660447761198
2260,16719.01865671642
2261,16724.2223880597
2262,16728.11119402985
2263,16721.058955223885
2264,16718.014925373136
2265,16719.917164179107
2266,16716.01641791045
2267,16727.5276119403
2268,16721.685820895527
2269,16722.10298507463
2270,16732.750746268655
2271,16720.002238805973
2272,16708.049253731348
2273,16705.008208955227
2274,16695.305970149257
2275,16698.772388059704
2276,16690.416417910452
2277,16697.72611940299
2278,16690.58432835821
2279,16685.780597014927
2280,16700.108208955226
2281,16698.922388059702
2282,16698.219402985076
2283,16696.965671641792
2284,16697.722388059705
2285,16704.25223880597
2286,16717.841044776123
2287,16714.68432835821
2288,16709.167910447766
2289,16720.22014925373
2290,16711.55746268657
2291,16718.96641791045
2292,16719.508208955227
2293,16719.54104477612
2294,16725.855970149256
2295,16727.25298507463
2296,16723.97611940299
2297,16731.919402985077
2298,16728.638059701498
2299,16728.224626865675
2300,16736.310447761196
2301,16735.4
2302,16735.949253731345
2303,16735.06940298508
2304,16739.03656716418
2305,16743.435820895524
2306,16743.328358208957
2307,16740.247014925375
2308,16732.687313432838
2309,16722.64104477612
2310,16719.685820895524
2311,16721.955223880603
2312,16711.517910447765
2313,16702.026865671643
2314,16692.58656716418
2315,16699.73955223881
2316,16692.74925373135
2317,16695.190298507463
2318,16702.592537313434
2319,16705.96865671642
2320,16707.508208955223
2321,16705.70895522388
2322,16709.708955223883
2323,16719.643283582092
2324,16719.860447761195
2325,16717.790298507465
2326,16704.8776119403
2327,16716.508208955227
2328,16712.79253731343
2329,16716.48731343284
2330,16708.206716417913
2331,16711.050000000007
2332,16715.317910447764
2333,16724.094776119404
2334,16723.004477611943
2335,16722.92537313433
2336,16729.735820895527
2337,16737.15074626866
2338,16729.624626865672
2339,16736.40671641791
2340,16734.18059701493
2341,16724.13208955224
2342,16719.70970149254
2343,16713.2552238806
2344,16713.597014925374
2345,16719.797014925374
2346,16718.605970149256
2347,16722.503731343288
2348,16734.09179104478
2349,16732.2776119403
2350,16729.87089552239
2351,16726.40298507463
2352,16725.394776119403
2353,16722.305970149257
2354,16722.358208955226
2355,16716.47611940299
2356,16709.156716417914
2357,16697.847761194033
2358,16701.200000000004
2359,16707.56940298507
2360,16715.342537313434
2361,16716.532835820897
2362,16715.215671641792
2363,16730.421641791047
2364,16724.87611940299
2365,16720.40223880597
2366,16719.394776119403
2367,16721.292537313435
2368,16716.691044776122
2369,16719.34179104478
2370,16731.47313432836
2371,16734.120149253737
2372,16735.08582089552
2373,16721.521641791045
2374,16749.44552238806
2375,16748.97835820896
2376,16753.76641791045
2377,16751.029104477613
2378,16749.49477611941
2379,16751.019402985075
2380,16748.81343283582
2381,16751.144029850748
2382,16742.067164179105
2383,16746.734328358212
2384,16735.681343283584
2385,16742.40970149254
2386,16742.27985074627
2387,16739.649253731346
2388,16743.306716417912
2389,16747.33507462687
2390,16753.623880597017
2391,16746.99328358209
2392,16747.65820895523
2393,16755.686567164183
2394,16744.25223880597
2395,16746.781343283583
2396,16740.350000000002
2397,16738.84179104478
2398,16735.391791044778
